3150103822
3150105220
3150105308
3140100814
3140101047
3140101689
3140102525
3140102527
3140103474
3140104759
3150101165
3150101171
3150101757
3150101897
3150101922
3150102009
3150102426
3150102428
3150102431
3150102432
3150102433
3150102435
3150102436
3150102437
3150102439
3150102441
3150102445
3150102447
3150102450
3150102451
3150102454
3150102456
3150102458
3150102459
3150102460
3150103511
3150103565
3150103737
3150103960
3150104084
3150104306
3150104311
3150104673
3150105011
3150105216
3150105496
3150105497
3150105592
3150105841
3150105843
3150105877
3150105878
3160200059
3130103996